0,545
0,544
0,540
0,530
0,527
0,525
0,523
0,518
0,314
0,313
0,304
182,6
293,61
293,60
293,59
293,58
293,57
293,56
293,55
293,54
293,53
293,52
293,51
293,50
293,49
293,48
293,47
293,46
293,45
293,44
293,43
293,42
293,41
293,40
293,39
293,38
293,37
293,36
293,35
145,2
145,1
12,2
145,0
12,1
144,1
12,3
144,3
139,18
139,17
139,16
139,15
139,14
139,13
139,12
139,11
139,10
139,9
139,8
139,7
139,6
139,5
139,4
139,3
139,2
139,1
139,0
138,26
138,25
138,24
138,23
138,22
138,21
138,20
138,19
138,18
138,17
138,16
138,15
138,14
138,13
138,12
138,11
138,10
138,9
138,8
138,7
138,6
138,5
138,4
138,3
138,2
138,1
138,0
110,1
110,3
109,5
109,1
109,4
109,3
108,10
108,8
108,1
108,7
108,4
102,2
101,1
101,3
101,2
99,10
99,9
99,8
99,7
99,6
99,5
99,4
99,3
99,2
99,1
99,0
98,17
98,16
98,15
98,14
98,13
98,12
98,11
98,10
98,9
98,8
98,7
98,6
98,5
98,4
98,3
98,2
98,1
98,0
94,7
94,6
94,1
94,5
20,2
94,3
20,1
91,1
20,3
91,3
89,1
89,3
65,1
19,2
19,1
19,3
65,3
59,1
59,3
58,6
58,5
58,4
58,1
58,3
57,1
57,3
56,1
50,7
50,6
50,5
50,4
50,3
50,2
50,1
50,0
49,1
49,3
47,9
47,8
47,6
47,4
47,1
47,3
31,1
31,3
25,1
25,3
14,25
18,1
14,20
18,3
14,14
0,563
0,560
14,15
0,555
14,1
0,551
14,28
0,535
14,3
0,534
13,1
13,5
0,467
13,3
0,243
2,2
2,1
2,3
0,0
293,34
293,33
293,32
293,31
293,30
293,29
293,28
293,27
293,26
293,25
293,24
293,23
293,22
293,21
293,20
293,19
293,18
293,17
293,16
293,15
293,14
293,13
293,12
293,11
293,10
293,9
293,8
293,7
293,6
293,5
293,4
293,3
293,2
293,0
0,461
0,454
0,450
0,459
0,276
0,275
0,272
0,271
0,451
0,12
0,317
0,10
0,458
0,8
0,483
0,447
0,268
0,543
0,446
0,267
0,509
0,445
0,266
0,568
0,444
0,265
0,512
0,443
0,264
0,550
0,442
0,263
0,312
0,441
0,262
0,477
0,440
0,261
0,526
0,439
0,260
0,493
0,438
0,259
0,533
0,437
0,258
0,558
0,436
0,257
0,519
0,435
0,256
0,466
0,434
0,255
0,517
0,433
0,254
0,463
0,432
0,253
0,508
0,431
0,252
0,492
0,430
0,251
0,464
0,429
0,250
0,488
